Date,Description,Type,Amount,Balance
2025-04-20,Payroll Deposit,Credit,710.0,710.0
2025-04-21,Coffee Shop,Debit,12.5,697.5
2025-04-22,Netflix Annual,Debit,199.99,497.51
2025-04-23,Gas Station,Debit,60.0,437.51
2025-04-24,Utility Rebate,Credit,80.0,517.51
2025-04-25,Grocery Store,Debit,125.0,392.51
2025-04-26,Restaurant,Debit,60.0,332.51
2025-04-27,Cash Deposit,Credit,100.0,432.51
2025-04-28,Mobile Refund,Credit,75.0,507.51
